8457622850070859
7015228145354365
4838159062513364
6268808684790392
699897950847847
7348445665023992
5165193289295412
527756270165961
246550283455591
8028450464083588
755336322207251
5037411242162255
4943686568151580
332352266973664
1270133882502052
8131262042369297
7111065811915870
8303893426538547
3417110475769628
5488343606976486
755208384834270
5321900898007296
5822977573759819
4442105106481578
18261897333389
71297292138447
332286596886138
5045288144062761
5573700465406053
6190879414024685
6281937014260910
7772645479574434
